0.0	0.0	0.0	0.0
0.1	0.0	0.019900000000000004	0.019900000000000004
0.2	0.0	0.07840000000000001	0.07840000000000001
0.30000000000000004	0.0	0.17190000000000005	0.17190000000000005
0.4	0.0	0.29440000000000005	0.29440000000000005
0.5	0.0	0.4375	0.4375
0.6	0.0	0.5904	0.5904
0.7	0.0	0.7398999999999999	0.7398999999999999
0.7999999999999999	0.0	0.8704	0.8704
0.8999999999999999	0.0	0.9638999999999999	0.9638999999999999
0.9999999999999999	0.0	1.0	1.0
0.0	0.05	-0.0475	-0.0475
0.1	0.05	-0.02785854590378238	-0.025596355092650465
0.2	0.05	0.02982986209199151	0.03228985493787004
0.30000000000000004	0.05	0.12190705962119991	0.1243843430738678
0.4	0.05	0.24230876511793653	0.244787553736248
0.5	0.05	0.3825639364649936	0.38504283889086893
0.6	0.05	0.5317940599804746	0.5342728341327618
0.7	0.05	0.676712364626476	0.6791896190438621
0.7999999999999999	0.05	0.8016229535753765	0.8040829030049026
0.8999999999999999	0.05	0.8884198444421524	0.8906819824971843
0.9999999999999999	0.05	0.9165859085770477	0.9165859085770477
0.0	0.1	-0.09	-0.09
0.1	0.1	-0.07061709180756477	-0.06627465642247475
0.2	0.1	-0.013740275816016972	-0.008852154487233855
0.30000000000000004	0.1	0.07691411924239974	0.08186445405084307
0.4	0.1	0.195217530235873	0.20017455002682408
0.5	0.1	0.3326278729299872	0.33758549913982633
0.6	0.1	0.47818811996094923	0.4831450963532122
0.7	0.1	0.6185247292529522	0.6234749770516909
0.7999999999999999	0.1	0.7378459071507532	0.742733899150818
0.8999999999999999	0.1	0.8179396888843049	0.8222819714694416
0.9999999999999999	0.1	0.8381718171540955	0.8381718171540955
0.0	0.15000000000000002	-0.1275	-0.1275
0.1	0.15000000000000002	-0.10837563771134717	-0.10210682378187456
0.2	0.15000000000000002	-0.05231041372402548	-0.04503446542293323
0.30000000000000004	0.15000000000000002	0.03692117886359955	0.04433747424933088
0.4	0.15000000000000002	0.15312629535380948	0.16056044073202114
0.5	0.15000000000000002	0.2876918093949806	0.29512781861835025
0.6	0.15000000000000002	0.4295821799414236	0.4370162385370128
0.7	0.15000000000000002	0.5653370938794283	0.5727532155248621
0.7999999999999999	0.15000000000000002	0.6790688607261297	0.6863445524676501
0.8999999999999999	0.15000000000000002	0.7524595333264574	0.7587280517458469
0.9999999999999999	0.15000000000000002	0.7647577257311431	0.7647577257311431
0.0	0.2	-0.16	-0.16
0.1	0.2	-0.14113418361512953	-0.1330701058413715
0.2	0.2	-0.08588055163203395	-0.07626232643046116
0.30000000000000004	0.2	0.0019282384847993939	0.011800522706800851
0.4	0.2	0.116035060471746	0.1259445002886264
0.5	0.2	0.24775574585997434	0.2576695374148716
0.6	0.2	0.3859762399218983	0.3958855351571236
0.7	0.2	0.5171494585059047	0.5270214537713204
0.7999999999999999	0.2	0.6252918143015065	0.6349096157323106
0.8999999999999999	0.2	0.6919793777686101	0.7000429785914009
0.9999999999999999	0.2	0.6963436343081909	0.6963436343081909
0.0	0.25	-0.1875	-0.1875
0.1	0.25	-0.16889272951891193	-0.15914595703733103
0.2	0.25	-0.11445068954004245	-0.10253870129534769
0.30000000000000004	0.25	-0.028064701894000732	-0.015749113942841238
0.4	0.25	0.0839438255896825	0.09632586190651637
0.5	0.25	0.21281968232496795	0.22521029029704234
0.6	0.25	0.34737029990237284	0.3597521194839336
0.7	0.25	0.47396182313238067	0.4862769787778053
0.7999999999999999	0.25	0.5765147678768832	0.5884261265887986
0.8999999999999999	0.25	0.6364992222107625	0.646245300946286
0.9999999999999999	0.25	0.6329295428852387	0.6329295428852387
0.0	0.3	-0.21	-0.21
0.1	0.3	-0.1916512754226943	-0.18031916686727498
0.2	0.3	-0.13802082744805091	-0.1238649314998392
0.30000000000000004	0.3	-0.05305764227280085	-0.038313878659103205
0.4	0.3	0.056852590707619	0.0717035564497447
0.5	0.3	0.18288361878996157	0.1977496072303531
0.6	0.3	0.31376435988284734	0.32861502246854857
0.7	0.3	0.4357741877588569	0.4505173480116714
0.7999999999999999	0.3	0.5327377214522597	0.5468927450265739
0.8999999999999999	0.3	0.586019066652915	0.597350232231226
0.9999999999999999	0.3	0.5745154514622864	0.5745154514622867
0.0	0.35	-0.22749999999999998	-0.22749999999999998
0.1	0.35	-0.20940982132647668	-0.19657718236033908
0.2	0.35	-0.15659096535605943	-0.14024122092710187
0.30000000000000004	0.35	-0.07305058265160103	-0.05589589790222684
0.4	0.35	0.034761355825555396	0.052076549159718155
0.5	0.35	0.15794755525495519	0.17528692018027064
0.6	0.35	0.2851584198633219	0.3024732094669345
0.7	0.35	0.40258655238533314	0.41974043550376855
0.7999999999999999	0.35	0.4939606750276364	0.5103092686417987
0.8999999999999999	0.35	0.5405389110950675	0.5533703279572295
0.9999999999999999	0.35	0.5211013600393342	0.5211013600393344
0.0	0.39999999999999997	-0.24	-0.24
0.1	0.39999999999999997	-0.22216836723025907	-0.2079095788347112
0.2	0.39999999999999997	-0.17016110326406786	-0.15166698963305567
0.30000000000000004	0.39999999999999997	-0.08804352303040125	-0.0684969714444724
0.4	0.39999999999999997	0.017670120943491963	0.03744377186194614
0.5	0.39999999999999997	0.13801149171994864	0.15782157432343302
0.6	0.39999999999999997	0.2615524798437965	0.2813256124465838
0.7	0.39999999999999997	0.37439891701180916	0.3939444420269792
0.7999999999999999	0.39999999999999997	0.4601836286030129	0.47867627884163066
0.8999999999999999	0.39999999999999997	0.5000587555372201	0.514316015032363
0.9999999999999999	0.39999999999999997	0.4726872686163819	0.4726872686163819
0.0	0.44999999999999996	-0.2475	-0.2475
0.1	0.44999999999999996	-0.22992691313404146	-0.21430764484009493
0.2	0.44999999999999996	-0.17873124117207645	-0.1581411312077332
0.30000000000000004	0.44999999999999996	-0.09803646340920125	-0.07611858395536897
0.4	0.44999999999999996	0.005578886061428423	0.027804149785794666
0.5	0.44999999999999996	0.12307542818494233	0.14535284196768739
0.6	0.44999999999999996	0.24294653982427106	0.26517115680534165
0.7	0.44999999999999996	0.3512112816382854	0.3731278835010795
0.7999999999999999	0.44999999999999996	0.4314065821783897	0.4519948834667635
0.8999999999999999	0.44999999999999996	0.46457859997937256	0.4801960068709566
0.9999999999999999	0.44999999999999996	0.4292731771934297	0.4292731771934297
0.0	0.49999999999999994	-0.25	-0.25
0.1	0.49999999999999994	-0.23268545903782378	-0.2157640553106678
0.2	0.49999999999999994	-0.18230137908008487	-0.1596621991811467
0.30000000000000004	0.49999999999999994	-0.1030294037880014	-0.07876192889390246
0.4	0.49999999999999994	-0.0015123488206351121	0.02315662297704925
0.5	0.49999999999999994	0.11313936464993601	0.13787993777234797
0.6	0.49999999999999994	0.22934059980474553	0.25400878278240313
0.7	0.49999999999999994	0.3330236462647618	0.3572895670913332
0.7999999999999999	0.49999999999999994	0.4076295357537665	0.43026653037507817
0.8999999999999999	0.49999999999999994	0.43409844442152523	0.4510176302824379
0.9999999999999999	0.49999999999999994	0.3908590857704777	0.3908590857704777
0.0	0.5499999999999999	-0.2475	-0.2475
0.1	0.5499999999999999	-0.23044400494160622	-0.21227261309121234
0.2	0.5499999999999999	-0.1808715169880934	-0.15622854124862293
0.30000000000000004	0.5499999999999999	-0.10302234416680167	-0.076427938475607
0.4	0.5499999999999999	-0.003603583702698643	0.023500162732842278
0.5	0.5499999999999999	0.10820330111492948	0.13540203417908886
0.6	0.5499999999999999	0.22073465978522	0.24783746189122116
0.7	0.5499999999999999	0.3198360108912377	0.34642856123304805
0.7999999999999999	0.5499999999999999	0.38885248932914274	0.4134928732098705
0.8999999999999999	0.5499999999999999	0.4086182888636778	0.4267870839791819
0.9999999999999999	0.5499999999999999	0.3574449943475253	0.3574449943475253
0.0	0.6	-0.24	-0.24
0.1	0.6	-0.22320255084538865	-0.20382804364386065
0.2	0.6	-0.17444165489610186	-0.1478383951663265
0.30000000000000004	0.6	-0.09801528454560182	-0.06911731571103961
0.4	0.6	-6.948185847621691E-4	0.028833783692767925
0.5	0.6	0.10826723757992329	0.1379182762630055
0.6	0.6	0.2171287197656948	0.24665620900830965
0.7	0.6	0.31164837551771396	0.34054416358568956
0.7999999999999999	0.6	0.37507544290451955	0.40167567550077404
0.8999999999999999	0.6	0.38813813330583	0.40750964389754113
0.9999999999999999	0.6	0.32903090292457304	0.32903090292457304
0.0	0.65	-0.22749999999999998	-0.22749999999999998
0.1	0.65	-0.21096109674917096	-0.19042583126638127
0.2	0.65	-0.16301179280411038	-0.1344899565358562
0.30000000000000004	0.65	-0.08800822492440197	-0.05683056603357396
0.4	0.65	0.007213946533174309	0.03915655227913866
0.5	0.65	0.11333117404491677	0.14542779547084253
0.6	0.65	0.2185227797461693	0.250464090811028
0.7	0.65	0.3084607401441901	0.3396358693986158
0.7999999999999999	0.65	0.36629839647989626	0.39481674287764584
0.8999999999999999	0.65	0.3726579777479826	0.3931898270023812
0.9999999999999999	0.65	0.30561681150162046	0.30561681150162046
0.0	0.7000000000000001	-0.20999999999999996	-0.20999999999999996
0.1	0.7000000000000001	-0.19371964265295338	-0.17206208783235696
0.2	0.7000000000000001	-0.1465819307121189	-0.11618142601689417
0.30000000000000004	0.7000000000000001	-0.07300116530320211	-0.03956802706121455
0.4	0.7000000000000001	0.02012271165111068	0.05446759215723844
0.5	0.7000000000000001	0.12339511050991048	0.1579297219223289
0.6	0.7000000000000001	0.2249168397266441	0.2592602312353068
0.7	0.7000000000000001	0.31027310477066616	0.3437033417436864
0.7999999999999999	0.7000000000000001	0.3625213500552731	0.39291787585781485
0.8999999999999999	0.7000000000000001	0.36217782219013506	0.3838315225657561
0.9999999999999999	0.7000000000000001	0.2872027200786682	0.28720272007866865
0.0	0.7500000000000001	-0.1874999999999999	-0.1874999999999999
0.1	0.7500000000000001	-0.1714781885567357	-0.14873344710632594
0.2	0.7500000000000001	-0.1251520686201273	-0.09291104152856759
0.30000000000000004	0.7500000000000001	-0.052994105682002135	-0.017329895719533694
0.4	0.7500000000000001	0.03803147676904728	0.07476608732297546
0.5	0.7500000000000001	0.13845904697490385	0.17542319511222754
0.6	0.7500000000000001	0.23631089970711838	0.27304381456080007
0.7	0.7500000000000001	0.3170854693971423	0.352746384387575
0.7999999999999999	0.7500000000000001	0.3637443036306498	0.39598083764558184
0.8999999999999999	0.7500000000000001	0.3566976666322881	0.37943809786742233
0.9999999999999999	0.7500000000000001	0.27378862865571607	0.27378862865571607
0.0	0.8000000000000002	-0.15999999999999992	-0.15999999999999992
0.1	0.8000000000000002	-0.1442367344605181	-0.12043697924838488
0.2	0.8000000000000002	-0.09872220652813579	-0.06467709953924712
0.30000000000000004	0.8000000000000002	-0.02798704606080249	0.009883747602980221
0.4	0.8000000000000002	0.06094024188698399	0.1000512833447334
0.5	0.8000000000000002	0.15852298343989757	0.19790737297032243
0.6	0.8000000000000002	0.252704959687593	0.2918140866503224
0.7	0.8000000000000002	0.3288978340236186	0.3667649176324147
0.7999999999999999	0.8000000000000002	0.36996725720602597	0.40400733284391954
0.8999999999999999	0.8000000000000002	0.3562175110744401	0.38001248370330454
0.9999999999999999	0.8000000000000002	0.26537453723276405	0.26537453723276405
0.0	0.8500000000000002	-0.12749999999999984	-0.12749999999999984
0.1	0.8500000000000002	-0.1119952803643004	-0.08717012131954135
0.2	0.8500000000000002	-0.06729234443614429	-0.03147796846533643
0.30000000000000004	0.8500000000000002	0.0020200135603973823	0.042072917915165736
0.4	0.8500000000000002	0.08884900700492038	0.13032248720256373
0.5	0.8500000000000002	0.18358691990489118	0.2253814393209045
0.6	0.8500000000000002	0.2740990196680675	0.3155703547867551
0.7	0.8500000000000002	0.3457101986500948	0.38575895717269737
0.7999999999999999	0.8500000000000002	0.3811902107814027	0.4169989940575829
0.8999999999999999	0.8500000000000002	0.3607373555165929	0.38555724389110835
0.9999999999999999	0.8500000000000002	0.2619604458098119	0.2619604458098119
0.0	0.9000000000000002	-0.08999999999999986	-0.08999999999999986
0.1	0.9000000000000002	-0.0747538262680828	-0.048930620518992725
0.2	0.9000000000000002	-0.030862482344152786	0.006687903597723934
0.30000000000000004	0.9000000000000002	0.03702707318159737	0.0792377073773689
0.4	0.9000000000000002	0.12175777212285666	0.16557906608886108
0.5	0.9000000000000002	0.2136508563698849	0.25784460983930374
0.6	0.9000000000000002	0.3004930796485423	0.34431198647159345
0.7	0.9000000000000002	0.36752256327657085	0.4097285958466904
0.7999999999999999	0.9000000000000002	0.3974131643567791	0.4349573741642378
0.8999999999999999	0.9000000000000002	0.3702571999587452	0.3960746320422888
0.9999999999999999	0.9000000000000002	0.26354635438685925	0.2635463543868597
0.0	0.9500000000000003	-0.047499999999999765	-0.047499999999999765
0.1	0.9500000000000003	-0.0325123721718652	-0.0057164875936256505
0.2	0.9500000000000003	0.010567379747838723	0.04982198517816731
0.30000000000000004	0.9500000000000003	0.07703413280279747	0.12137826973269426
0.4	0.9500000000000003	0.15966653724079327	0.20582044546406295
0.5	0.9500000000000003	0.2487147928348783	0.295296136637033
0.6	0.9500000000000003	0.33188713962901684	0.378038407478691
0.7	0.9500000000000003	0.39433492790304703	0.4386739880654297
0.7999999999999999	0.9500000000000003	0.4186361179321558	0.4578839426194186
0.8999999999999999	0.9500000000000003	0.3847770444008982	0.41156663816038813
0.9999999999999999	0.9500000000000003	0.27013226296390735	0.27013226296390735
0.0	1.0000000000000002	2.220446049250313E-16	2.220446049250313E-16
0.1	1.0000000000000002	0.014729081924352627	0.042474041591699686
0.2	1.0000000000000002	0.05699724183983035	0.09792566056557316
0.30000000000000004	1.0000000000000002	0.12204119242399725	0.1684948071522668
0.4	1.0000000000000002	0.20257530235873	0.251046106600083
0.5	1.0000000000000002	0.2887787292998718	0.33773531162466286
0.6	1.0000000000000002	0.368281199609491	0.4167490993959189
0.7	1.0000000000000002	0.42614729252952355	0.4725953366561584
0.7999999999999999	1.0000000000000002	0.4448590715075329	0.4857800845964783
0.8999999999999999	1.0000000000000002	0.4042968888430507	0.43203502707742647
0.9999999999999999	1.0000000000000002	0.2817181715409549	0.2817181715409549
